TIME, 361057, 332613, 376335, 372549, 378361, 349145, 367902, 374843, 379751, 208007
2019-05-16 00:00, 1198.09, 146.56, 293.92, 433.26, 141.69, 230.76, 300.15, 335.92, 140.3, 586.32
2019-05-16 01:00, 1198.09, 146.56, 293.2, 432.68, 141.78, 238.2, 300.17, 334.85, 140.55, 586.32
2019-05-16 02:00, 1198.09, 146.56, 293.4, 431.93, 141.77, 237.53, 300.17, 334.9, 140.58, 586.32
2019-05-16 03:00, 1198.09, 146.56, 293.3, 431.53, 141.52, 237.29, 300.03, 334.78, 140.43, 586.32
2019-05-16 04:00, 1198.09, 146.56, 293.26, 431.68, 141.4, 237.16, 299.88, 334.69, 140.08, 586.19
2019-05-16 05:00, 1198.09, 146.56, 292.94, 430.98, 141.14, 237.78, 299.72, 334.19, 139.53, 586.43
2019-05-16 06:00, 1198.09, 146.56, 293.65, 431.08, 141.18, 237.78, 299.89, 335.17, 139.61, 586.39
2019-05-16 07:00, 1198.09, 146.56, 293.92, 430.73, 141.21, 237.78, 299.86, 335.17, 139.6, 586.53
2019-05-16 08:00, 1198.09, 146.56, 293.67, 430.18, 141.22, 237.78, 299.99, 335.17, 139.7, 586.69
2019-05-16 09:00, 1198.09, 146.56, 293.13, 430.28, 141.28, 237.78, 299.78, 335.17, 139.28, 586.67
2019-05-16 10:00, 1198.09, 146.56, 292.98, 431.43, 141.19, 237.78, 299.63, 335.17, 138.98, 586.26
2019-05-16 11:00, 1198.09, 146.54, 292.6, 430.63, 141.23, 237.78, 300.12, 335.17, 139.45, 586.51
2019-05-16 12:00, 1198.09, 146.54, 293.75, 424.84, 141.59, 237.78, 301.24, 335.17, 140.06, 588.56
2019-05-16 13:00, 1198.09, 146.42, 294.78, 429.24, 141.32, 237.78, 300.77, 335.17, 139.15, 587.03
2019-05-16 14:00, 1198.09, 146.42, 294.81, 432.11, 141.4, 237.78, 300.79, 335.17, 139.04, 586.03
2019-05-16 15:00, 1198.09, 146.41, 294.77, 432.8, 141.54, 237.78, 300.54, 335.17, 139.52, 586.36
2019-05-16 16:00, 1198.09, 146.52, 294.71, 440.58, 141.23, 237.78, 299.55, 335.17, 138.68, 586.36
2019-05-16 17:00, 1198.09, 146.5, 294.4, 440.58, 141.39, 237.78, 299.02, 335.17, 137.23, 586.36
2019-05-16 18:00, 1198.09, 146.41, 294.21, 440.58, 141.8, 237.78, 299.13, 335.17, 138.14, 586.36
2019-05-16 19:00, 1198.09, 146.46, 294.92, 440.58, 141.6, 237.78, 299.13, 335.17, 138.57, 586.36
2019-05-16 20:00, 1198.09, 146.49, 294.33, 440.58, 141.68, 237.78, 298.87, 335.17, 138.97, 586.36
2019-05-16 21:00, 1198.09, 146.29, 294.46, 440.58, 141.57, 237.78, 298.49, 335.17, 138.44, 586.36
2019-05-16 22:00, 1198.09, 147.32, 294.46, 440.58, 141.51, 237.78, 298.08, 335.21, 139.09, 586.36
2019-05-16 23:00, 1188.17, 145.8, 294.34, 440.58, 141.5, 237.78, 297.58, 335.05, 138.68, 586.36
2019-05-17 00:00, 1201.15, 146.26, 294.53, 440.58, 141.38, 237.78, 295.77, 334.15, 138.58, 586.36
2019-05-17 01:00, 1222.21, 146.32, 294.57, 440.58, 141.52, 237.78, 295.37, 333.16, 138.7, 586.36
2019-05-17 02:00, 1222.21, 146.55, 294.95, 440.58, 141.55, 237.78, 296.42, 334.88, 138.92, 586.36
2019-05-17 03:00, 1222.21, 146.65, 294.96, 440.58, 141.62, 237.78, 295.39, 334.99, 139.14, 586.36
2019-05-17 04:00, 1222.21, 146.3, 294.64, 440.58, 141.73, 237.78, 297.9, 335.49, 138.61, 586.36
2019-05-17 05:00, 1222.21, 145.54, 294.64, 440.58, 142, 237.78, 298.92, 335.49, 139.63, 586.36
2019-05-17 06:00, 1222.21, 145.79, 294.71, 440.58, 141.67, 237.78, 298.58, 335.49, 139.43, 586.36
2019-05-17 07:00, 1222.21, 145.5, 294.61, 440.58, 141.23, 237.78, 297.58, 335.49, 138.48, 586.36
2019-05-17 08:00, 1222.21, 145.5, 294.72, 440.58, 141.3, 237.78, 297.67, 335.49, 138.51, 586.36
2019-05-17 09:00, 1222.21, 145.48, 294.17, 440.58, 141.2, 237.78, 297.04, 335.49, 138.16, 586.36
2019-05-17 10:00, 1222.21, 145.45, 294.62, 440.58, 141.09, 237.78, 297.92, 335.49, 139.01, 586.83
2019-05-17 11:00, 1222.21, 145.45, 294.4, 440.58, 141.29, 237.78, 297.78, 335.49, 138.22, 586.33
2019-05-17 12:00, 1222.21, 145.43, 294.2, 440.58, 141.09, 237.78, 296.74, 335.49, 138.95, 585.6
2019-05-17 13:00, 1222.21, 145.43, 294.33, 440.58, 140.83, 237.78, 296.63, 335.49, 139.27, 586.84
2019-05-17 14:00, 1222.21, 145.43, 293.69, 440.58, 140.71, 237.78, 296.61, 335.49, 138.52, 586.84
2019-05-17 15:00, 1222.21, 145.43, 293.69, 440.58, 140.64, 237.78, 296.87, 335.49, 139.73, 586.84
2019-05-17 16:00, 1222.22, 145.43, 293.69, 440.58, 141.21, 237.78, 297.33, 335.49, 141.81, 587.23
2019-05-17 17:00, 1222.22, 145.43, 293.69, 440.58, 141.12, 237.78, 296.55, 335.49, 139.59, 586.6
2019-05-17 18:00, 1222.22, 145.41, 293.69, 440.58, 140.98, 237.78, 296.6, 335.49, 135.98, 583.14
2019-05-17 19:00, 1222.22, 145.4, 293.69, 440.58, 141.06, 237.78, 296.19, 335.49, 136.99, 583.14
2019-05-17 20:00, 1222.22, 145.4, 293.69, 440.58, 141.09, 237.78, 296.28, 335.49, 135.78, 583.14
2019-05-17 21:00, 1222.22, 145.4, 293.69, 440.58, 140.97, 237.78, 296.12, 335.49, 133.48, 583.14
2019-05-17 22:00, 1222.22, 145.4, 293.69, 440.58, 140.89, 237.78, 295.39, 335.49, 132.54, 583.14
2019-05-17 23:00, 1222.22, 145.4, 292.89, 440.58, 140.91, 237.78, 295.16, 336.66, 133.84, 583.14
2019-05-18 00:00, 1222.22, 145.4, 292.1, 440.58, 141.06, 237.78, 297.12, 333.94, 134.72, 583.14
2019-05-20 01:00, 1222.22, 145.4, 294.68, 440.58, 142.49, 235.7, 301, 340.4, 139.74, 583.14
2019-05-20 02:00, 1222.22, 145.4, 294.51, 440.58, 142.11, 242.08, 302.19, 343.39, 138.32, 583.14
2019-05-20 03:00, 1222.22, 145.4, 294.76, 440.58, 142.78, 242.16, 303.88, 343.36, 139.58, 583.14
2019-05-20 04:00, 1222.22, 145.4, 295, 440.58, 143.12, 242.16, 303.9, 337.46, 140.82, 583.14
2019-05-20 05:00, 1222.22, 145.4, 295, 440.58, 142.93, 242.16, 303.9, 338.16, 140.53, 583.14
2019-05-20 06:00, 1222.22, 145.4, 295, 440.58, 143.03, 242.16, 303.9, 337.3, 140.58, 583.14
2019-05-20 07:00, 1222.22, 145.4, 295, 440.58, 143, 242.16, 303.9, 333.74, 141.13, 583.14
2019-05-20 08:00, 1222.22, 145.41, 295, 440.58, 143.06, 242.16, 303.9, 331.76, 141.51, 583.14
2019-05-20 09:00, 1222.22, 145.41, 295, 440.58, 142.92, 242.16, 303.32, 332.39, 141.48, 583.14
2019-05-20 10:00, 1222.22, 145.4, 295, 440.58, 143.31, 242.16, 303.65, 326.2, 142.34, 582.87
2019-05-20 11:00, 1222.22, 145.38, 295, 440.58, 143.75, 242.16, 302.88, 327.74, 143.12, 583.42
2019-05-20 12:00, 1222.22, 145.35, 295, 440.58, 143.66, 242.16, 301.68, 331.69, 143.4, 581.87
2019-05-20 13:00, 1222.22, 145.33, 295, 440.58, 143.76, 242.16, 302.52, 330.92, 143.39, 581.53
2019-05-20 14:00, 1222.22, 145.33, 295, 440.58, 142.76, 242.16, 300.44, 336.5, 143.45, 581.14
2019-05-20 15:00, 1222.22, 145.33, 295, 440.58, 142.91, 242.16, 300.05, 335.47, 143.45, 581.14
2019-05-20 16:00, 1222.22, 145.31, 295, 440.58, 142.75, 242.16, 300.48, 339.88, 143.49, 581.37
2019-05-20 17:00, 1222.22, 145.31, 295, 440.58, 142.72, 242.16, 300.83, 338.91, 143.49, 581.7
2019-05-20 18:00, 1222.22, 145.28, 295, 440.58, 143, 242.16, 301.13, 338.46, 143.49, 581.65
2019-05-20 19:00, 1222.22, 145.28, 295, 440.58, 143.11, 242.16, 300.97, 333.68, 143.49, 583.05
2019-05-20 20:00, 1222.22, 145.28, 295, 440.58, 143.02, 242.16, 301.85, 336.52, 143.49, 583.55
2019-05-20 21:00, 1222.22, 145.28, 295, 440.58, 143.11, 242.16, 301.85, 335.97, 143.49, 583.55
2019-05-20 22:00, 1222.22, 145.28, 295, 440.58, 142.71, 242.16, 301.85, 342.87, 143.49, 583.55
2019-05-20 23:00, 1222.22, 145.28, 295, 440.58, 142.93, 242.16, 301.85, 340.16, 143.49, 583.55
2019-05-21 00:00, 1222.22, 145.28, 295, 440.58, 142.92, 242.16, 301.85, 339.3, 143.49, 583.55
2019-05-21 01:00, 1222.22, 145.28, 295, 440.58, 142.87, 242.16, 302.48, 339, 143.49, 583.55
2019-05-21 02:00, 1222.22, 145.28, 295, 440.58, 142.99, 242.16, 302.77, 339.8, 143.49, 583.55
2019-05-21 03:00, 1222.22, 145.28, 295, 440.58, 143.59, 242.16, 302.77, 330.55, 143.49, 583.55
2019-05-21 04:00, 1222.22, 145.28, 295, 440.58, 143.45, 242.16, 302.77, 330.55, 143.5, 583.55
2019-05-21 05:00, 1222.22, 145.28, 295, 440.58, 143.21, 242.16, 302.77, 336.85, 143.55, 583.55
2019-05-21 06:00, 1222.22, 145.28, 295, 440.58, 143.08, 242.16, 302.77, 338.43, 143.56, 583.39
2019-05-21 07:00, 1222.22, 145.26, 295, 440.58, 141.97, 242.16, 302.77, 358.93, 143.51, 583.25
2019-05-21 08:00, 1222.22, 145.32, 295, 440.58, 141.46, 242.16, 302.77, 361.04, 143.47, 582.89
2019-05-21 09:00, 1222.22, 145.49, 295, 440.58, 140.93, 242.16, 302.77, 363.08, 143.43, 582.76
2019-05-21 10:00, 1222.22, 145.59, 295, 442.26, 140.71, 242.16, 302.77, 363.08, 143.44, 582.42
2019-05-21 11:00, 1222.22, 145.25, 295, 439.04, 141.21, 242.16, 302.77, 363.08, 143.44, 582.65
2019-05-21 12:00, 1222.22, 145.43, 295, 443.2, 140.8, 242.16, 302.77, 363.08, 143.4, 581.07
2019-05-21 13:00, 1222.22, 145.36, 295, 441.57, 141.4, 242.16, 302.77, 363.08, 143.46, 581.4
2019-05-21 14:00, 1222.22, 145.47, 295, 443.99, 141.03, 242.16, 302.77, 363.08, 143.24, 581.4
2019-05-21 15:00, 1222.22, 145.46, 295, 443.74, 141.08, 242.16, 302.77, 363.08, 143.23, 581.48
2019-05-21 16:00, 1222.22, 145.25, 295, 438.15, 141.28, 242.16, 302.77, 363.08, 143.13, 582.35
2019-05-21 17:00, 1222.22, 145.25, 295, 441.71, 141.33, 242.16, 302.77, 363.08, 143.25, 582.22
2019-05-21 18:00, 1222.22, 145.71, 295, 426.96, 142.46, 242.16, 302.77, 363.08, 143.53, 585.26
2019-05-21 19:00, 1222.22, 144.89, 295, 437.75, 142.17, 239.16, 302.77, 363.08, 143.53, 584.95
2019-05-21 20:00, 1222.22, 144.91, 295, 436.91, 142.18, 239.16, 302.77, 363.08, 143.52, 584.95
2019-05-21 21:00, 1222.22, 144.91, 295, 436.86, 141.95, 239.16, 302.77, 363.08, 143.48, 584.7
2019-05-21 22:00, 1222.22, 144.89, 295, 438, 141.59, 239.16, 297.83, 363.08, 143.43, 584.45
2019-05-21 23:00, 1222.22, 144.89, 294.94, 436.32, 141.64, 239.16, 294.46, 363.08, 143.5, 584.84
2019-05-22 00:00, 1171.43, 144.89, 295.21, 436.76, 141.4, 239.16, 295.55, 363.08, 143.47, 584.76
2019-05-22 01:00, 1196.4, 144.89, 295.16, 436.09, 141.42, 239.16, 298.8, 363.08, 143.48, 584.78
2019-05-22 02:00, 1229.2, 144.89, 294.87, 435.7, 141.64, 239.16, 299.21, 363.08, 143.48, 584.93
2019-05-22 03:00, 1271.52, 144.89, 295.01, 435.25, 141.61, 239.16, 299.39, 363.08, 143.47, 585.02
2019-05-22 04:00, 1271.52, 144.89, 295.56, 436.89, 141.15, 239.16, 298.97, 363.08, 143.37, 584.63
2019-05-22 05:00, 1271.52, 144.89, 295.69, 434.9, 141.52, 239.16, 300.22, 363.08, 143.43, 585.07
2019-05-22 06:00, 1271.52, 144.89, 296.1, 437.05, 141.28, 239.16, 300.22, 363.08, 143.43, 584.69
2019-05-22 07:00, 1271.52, 144.89, 296.11, 436.35, 141.25, 239.16, 300.29, 363.08, 143.44, 584.71
2019-05-22 08:00, 1271.52, 144.89, 296.33, 439.55, 140.98, 239.16, 299.61, 363.08, 143.44, 585.25
2019-05-22 09:00, 1271.52, 144.89, 296.33, 441.25, 140.87, 239.16, 299.6, 363.08, 143.4, 585.88
2019-05-22 10:00, 1271.52, 144.89, 296.33, 440.9, 140.96, 239.16, 299.24, 363.08, 143.43, 586.02
2019-05-22 11:00, 1271.52, 144.89, 296.33, 441.3, 140.93, 239.16, 298.54, 363.08, 143.43, 585.75
2019-05-22 12:00, 1271.52, 144.89, 296.33, 437.75, 141.22, 239.16, 299.16, 363.08, 143.45, 584.61
2019-05-22 13:00, 1271.52, 144.94, 296.33, 433.66, 141.59, 239.16, 299.74, 363.08, 143.5, 586.18
2019-05-22 14:00, 1271.52, 144.98, 296.33, 433.01, 141.36, 239.16, 299.74, 363.08, 143.39, 586.04
2019-05-22 15:00, 1271.52, 144.91, 296.33, 434.26, 141.6, 239.16, 299.74, 363.08, 143.36, 585.79
2019-05-22 16:00, 1271.52, 144.91, 296.33, 434.06, 141.36, 239.16, 299.74, 363.08, 143.28, 586
2019-05-22 17:00, 1271.52, 144.78, 296.33, 436.05, 141.14, 239.16, 299.74, 363.08, 143.39, 586.11
2019-05-22 18:00, 1271.52, 144.74, 296.33, 440.6, 141.12, 239.16, 299.74, 363.08, 143.49, 585.79
2019-05-22 19:00, 1271.52, 144.74, 296.33, 439.25, 141.59, 239.16, 299.74, 363.08, 143.72, 587.67
2019-05-22 20:00, 1271.52, 144.74, 296.33, 439.05, 142.16, 239.16, 299.74, 363.08, 143.93, 587.68
2019-05-22 21:00, 1271.52, 144.74, 296.33, 436.54, 142.25, 239.16, 299.74, 363.08, 143.88, 587.59
2019-05-22 22:00, 1271.52, 144.74, 296.33, 437.74, 142.38, 239.16, 299.74, 363.08, 143.94, 587.88
2019-05-22 23:00, 1271.52, 144.74, 296.15, 440.8, 142.09, 239.16, 299.74, 363.08, 143.96, 587.79
2019-05-23 00:00, 1271.52, 144.74, 295.7, 442.11, 142.17, 239.16, 299.74, 363.08, 143.92, 587.82
2019-05-23 01:00, 1271.52, 144.74, 295.47, 441.98, 142.11, 239.28, 299.74, 362.16, 143.89, 587.64
2019-05-23 02:00, 1271.52, 144.74, 296.08, 440.18, 142.25, 239.28, 299.74, 361.62, 143.9, 587.53
2019-05-23 03:00, 1271.52, 144.74, 295.89, 440.93, 141.87, 239.28, 299.74, 361.83, 143.91, 587.46
2019-05-23 04:00, 1271.52, 144.74, 295.77, 442.13, 141.67, 239.28, 299.74, 359.92, 143.99, 587.73
2019-05-23 05:00, 1271.52, 144.54, 295.84, 442.53, 141.84, 239.28, 299.74, 359.79, 143.99, 587.47
2019-05-23 06:00, 1271.52, 144.55, 295.91, 442.68, 142.28, 239.28, 299.6, 358.29, 143.99, 587.62
2019-05-23 07:00, 1271.52, 144.61, 295.89, 443.33, 142.47, 239.28, 299.67, 358.75, 143.99, 587.76
2019-05-23 08:00, 1271.52, 144.66, 295.83, 443.94, 142.5, 239.28, 299.66, 358.63, 143.99, 587.65
2019-05-23 09:00, 1271.52, 144.63, 295.84, 443.58, 142.4, 239.28, 299.62, 358.05, 143.99, 587.62
2019-05-23 10:00, 1271.52, 144.97, 295.55, 447.39, 142.1, 239.28, 299.64, 351.83, 143.99, 585.68
2019-05-23 11:00, 1271.52, 145.02, 295.63, 448.19, 142.31, 239.28, 299.56, 351.75, 143.99, 585.85
2019-05-23 12:00, 1271.52, 145.13, 295.46, 450.7, 142.02, 239.28, 299.56, 355.85, 143.99, 585.93
2019-05-23 13:00, 1271.52, 145.73, 295.14, 450.7, 141.93, 239.28, 299.46, 360.21, 143.99, 585.02
2019-05-23 14:00, 1271.52, 145.65, 295.23, 450.7, 141.95, 239.28, 299.32, 363.21, 143.99, 584.51
2019-05-23 15:00, 1271.52, 145.25, 295.36, 450.7, 142.68, 239.28, 299.15, 363.21, 143.99, 585.08
2019-05-23 16:00, 1271.52, 145.61, 294.89, 450.7, 142.85, 239.28, 298.97, 363.21, 143.99, 584.53
2019-05-23 17:00, 1271.52, 145.88, 294.41, 450.7, 142.91, 239.28, 298.89, 363.21, 143.99, 581.1
2019-05-23 18:00, 1271.52, 144.92, 295.15, 450.7, 142.92, 239.28, 299.2, 363.21, 143.99, 583.04
2019-05-23 19:00, 1271.52, 144.92, 295.11, 450.7, 143.91, 239.28, 298.79, 363.21, 143.99, 598.23
2019-05-23 20:00, 1271.52, 145.07, 295.07, 450.7, 144.11, 241.06, 299.12, 363.21, 143.99, 605.83
2019-05-23 21:00, 1271.52, 144.37, 294.75, 450.7, 144.22, 239.22, 298.85, 363.21, 144.01, 607.16
2019-05-23 22:00, 1271.52, 144.94, 294.68, 450.7, 144.37, 241.15, 298.53, 363.21, 143.97, 607.15
2019-05-23 23:00, 1271.52, 144.41, 294.97, 450.7, 144.43, 239.37, 298.68, 362.53, 144.01, 607.15
2019-05-24 00:00, 1271.52, 144.71, 294.79, 450.7, 144.41, 240.37, 298.82, 362.24, 144.01, 607.15
2019-05-24 01:00, 1251.17, 144.79, 294.27, 450.7, 144.61, 241.33, 300.34, 357.82, 144.01, 607.15
2019-05-24 02:00, 1337.85, 144.78, 294.32, 450.7, 144.3, 241.29, 300.38, 360.17, 144.01, 607.15
2019-05-24 03:00, 1337.85, 144.92, 294.28, 450.7, 144.42, 241.77, 300.7, 360.79, 144.01, 607.15
2019-05-24 04:00, 1342.05, 144.52, 293.78, 450.7, 144.81, 240.44, 300.01, 360.79, 144.01, 607.15
2019-05-24 05:00, 1353.98, 144.62, 293.93, 450.7, 143.96, 240.78, 300.27, 360.79, 144, 607.15
2019-05-24 06:00, 1353.98, 144.65, 294, 450.7, 143.55, 240.85, 301.01, 360.79, 143.98, 607.15
2019-05-24 07:00, 1353.98, 144.62, 293.96, 450.7, 143.23, 240.78, 301.87, 360.79, 143.96, 607.15
2019-05-24 08:00, 1353.98, 144.59, 294.01, 450.7, 143.48, 240.67, 301.73, 360.79, 143.98, 607.15
2019-05-24 09:00, 1353.98, 144.81, 293.79, 450.7, 143.57, 241.4, 301.72, 360.79, 143.97, 607.15
2019-05-24 10:00, 1353.98, 146.21, 294.7, 450.7, 143.73, 246.05, 301.98, 360.79, 143.97, 607.44
2019-05-24 11:00, 1353.98, 145.44, 295.45, 450.7, 144.26, 243.55, 301.98, 360.79, 144.01, 607.63
2019-05-24 12:00, 1353.98, 144.98, 295.94, 450.7, 143.75, 242.03, 301.98, 360.79, 143.99, 607.05
2019-05-24 13:00, 1353.98, 144.39, 296, 452.95, 144.26, 244.09, 301.98, 360.79, 144.01, 605.4
2019-05-24 14:00, 1353.98, 144.39, 295.98, 454.3, 144.59, 242.54, 301.54, 360.79, 144.03, 604.81
2019-05-24 15:00, 1353.98, 144.39, 295.76, 454.3, 144.39, 241.3, 302.18, 360.79, 144.04, 604.36
2019-05-24 16:00, 1353.98, 144.39, 296, 454.3, 144.78, 246.02, 302.68, 360.79, 144.08, 603.24
2019-05-24 17:00, 1353.98, 144.39, 296.05, 454.3, 145.08, 246.38, 302.68, 360.79, 144.09, 602.69
2019-05-24 18:00, 1353.98, 144.38, 295.68, 454.3, 144.9, 249.31, 302.68, 360.79, 144.1, 603.01
2019-05-24 19:00, 1353.98, 144.35, 295.95, 454.3, 144.48, 246.53, 302.68, 360.79, 144.19, 602.69
2019-05-24 20:00, 1353.98, 144.35, 296.35, 454.3, 144.54, 249.64, 302.68, 360.79, 144.25, 602.69
2019-05-24 21:00, 1353.98, 144.35, 296.51, 454.3, 144.91, 251.41, 302.68, 360.6, 144.21, 602.69
2019-05-24 22:00, 1353.98, 144.35, 296.35, 454.3, 145.29, 250.72, 302.68, 360.97, 144.21, 602.69
2019-05-24 23:00, 1353.98, 144.35, 296.63, 454.3, 145.1, 250.72, 302.68, 361.47, 144.21, 602.69
2019-05-25 00:00, 1353.98, 144.35, 296.07, 454.3, 144.72, 250.72, 302.68, 362.44, 144.21, 602.69
2019-05-27 01:00, 1353.98, 144.35, 296.89, 454.3, 144.77, 252.75, 302.69, 357.35, 144.21, 602.69
2019-05-27 02:00, 1312.16, 144.35, 296.95, 454.3, 145.19, 248.81, 301.85, 357.07, 144.21, 602.69
2019-05-27 03:00, 1317.12, 144.35, 297.01, 454.3, 145.06, 251.69, 301.95, 360.41, 144.21, 602.69
2019-05-27 04:00, 1259.07, 144.35, 296.76, 454.3, 145.37, 252.32, 300.89, 358.44, 144.21, 602.69
2019-05-27 05:00, 1298.7, 144.35, 296.98, 454.3, 145.4, 252.32, 301.61, 359.15, 144.21, 602.69
2019-05-27 06:00, 1273.93, 144.35, 296.21, 454.3, 145.33, 252.32, 301.16, 357.05, 144.21, 602.69
2019-05-27 07:00, 1283.13, 144.35, 296.21, 454.3, 145.46, 252.32, 301.32, 356.26, 144.21, 602.69
2019-05-27 08:00, 1256.24, 144.35, 296.12, 454.3, 145.31, 252.32, 300.84, 355.94, 144.21, 602.69
2019-05-27 09:00, 1262.61, 144.35, 295.89, 454.3, 145.26, 252.32, 300.96, 354.45, 144.21, 602.69
2019-05-27 10:00, 1210.99, 144.35, 296.01, 454.3, 145.17, 252.32, 299.81, 355.46, 144.21, 602.6
2019-05-27 11:00, 1210.99, 144.35, 294.92, 454.3, 144.52, 252.32, 299.69, 352.1, 144.21, 602.2
2019-05-27 12:00, 1210.99, 144.35, 294.2, 453.85, 144.02, 252.32, 300.75, 350.04, 144.21, 601.79
2019-05-27 13:00, 1210.99, 144.35, 294.44, 454.55, 143.92, 252.32, 301.3, 350.86, 144.21, 601.95
2019-05-27 14:00, 1210.99, 144.35, 294.69, 453.55, 144.33, 252.32, 301.3, 351.8, 144.21, 601.83
2019-05-27 15:00, 1210.99, 144.35, 294.53, 455.45, 144.54, 252.32, 301.54, 351.78, 144.21, 601.83
2019-05-27 16:00, 1210.99, 144.35, 294.54, 455.7, 144.25, 252.32, 301.83, 351.34, 144.21, 601.83
2019-05-27 17:00, 1210.99, 144.34, 294.97, 453.65, 144.15, 252.32, 301.83, 351.93, 144.21, 601.83
2019-05-27 18:00, 1210.99, 144.34, 295.34, 453.4, 144.12, 252.32, 301.83, 352.22, 144.21, 601.83
2019-05-27 19:00, 1210.99, 144.31, 295.81, 453.35, 143.93, 252.32, 301.83, 352.22, 144.21, 601.83
2019-05-27 20:00, 1210.99, 144.31, 295.67, 453.1, 143.95, 252.32, 301.83, 352.22, 144.23, 601.83
2019-05-27 21:00, 1210.99, 144.31, 295.7, 452.7, 144.05, 252.32, 301.83, 352.22, 144.23, 601.83
2019-05-27 22:00, 1210.99, 144.31, 295.82, 452.5, 144.11, 252.32, 301.83, 352.22, 144.25, 601.83
2019-05-27 23:00, 1210.99, 144.31, 295.72, 453.4, 144.15, 252.32, 301.83, 352.22, 144.24, 601.83
2019-05-28 00:00, 1210.99, 144.31, 295.71, 453.75, 143.96, 252.32, 301.83, 352.22, 144.23, 601.83
2019-05-28 01:00, 1210.99, 144.31, 295.59, 453.3, 143.92, 252.32, 301.83, 352.22, 144.28, 601.83
2019-05-28 02:00, 1210.99, 144.31, 295.8, 453.4, 144.24, 252.32, 301.83, 352.22, 144.28, 601.83
2019-05-28 03:00, 1210.99, 144.31, 295.73, 453.55, 144.08, 252.32, 301.83, 352.22, 144.28, 601.83
2019-05-28 04:00, 1210.99, 144.31, 295.73, 453.05, 144.69, 252.32, 301.83, 352.22, 144.28, 601.83
2019-05-28 05:00, 1210.99, 144.33, 295.61, 448.91, 144.23, 252.32, 301.83, 352.22, 144.28, 601.83
2019-05-28 06:00, 1210.99, 144.36, 295.57, 448, 144.06, 252.32, 301.93, 352.22, 144.29, 601.83
2019-05-28 07:00, 1210.99, 144.36, 295.5, 447.95, 144.32, 252.32, 301.79, 352.22, 144.26, 601.83
2019-05-28 08:00, 1210.99, 144.36, 295.42, 446.45, 144.37, 252.32, 301.8, 352.22, 144.27, 601.83
2019-05-28 09:00, 1210.99, 144.3, 295.94, 446.4, 144.62, 252.32, 301.7, 352.22, 144.26, 602.02
2019-05-28 10:00, 1210.99, 144.33, 295.75, 446.45, 144.37, 252.32, 301.87, 352.22, 144.28, 601.85
2019-05-28 11:00, 1210.99, 144.29, 295.47, 446.45, 143.93, 252.32, 301.83, 352.22, 144.28, 602.08
2019-05-28 12:00, 1210.99, 144.26, 295.43, 446.5, 144.02, 252.32, 302.12, 352.22, 144.25, 604.62
2019-05-28 13:00, 1210.99, 144.23, 295.02, 446.45, 144.76, 252.32, 301.87, 352.22, 144.17, 605.64
2019-05-28 14:00, 1210.99, 144.23, 294.84, 446.45, 145.15, 252.32, 301.96, 352.22, 144.12, 605.76
2019-05-28 15:00, 1210.99, 144.23, 293.97, 446.45, 144.81, 252.32, 301.78, 352.22, 144.13, 605.76
2019-05-28 16:00, 1210.99, 144.23, 293.41, 446.4, 144.83, 252.32, 301.73, 352.22, 144.09, 605.12
2019-05-28 17:00, 1210.99, 144.23, 293.14, 446.35, 145.19, 252.32, 301.56, 352.22, 143.98, 605.12
2019-05-28 18:00, 1210.99, 144.36, 292.16, 446.55, 144.42, 252.32, 301.64, 352.22, 144, 605.12
2019-05-28 19:00, 1210.99, 143.9, 292.07, 446.45, 144.38, 252.32, 301.66, 352.22, 144, 605.12
2019-05-28 20:00, 1211, 145.01, 291.92, 446.5, 144.67, 252.32, 301.81, 352.22, 143.89, 605.12
2019-05-28 21:00, 1211, 144.46, 292.46, 446.45, 144.68, 252.32, 301.75, 352.22, 144, 605.12
2019-05-28 22:00, 1211, 145.07, 292.39, 446.5, 144.63, 252.32, 301.92, 352.22, 143.98, 605.12
2019-05-28 23:00, 1211, 145.01, 292.33, 446.6, 144.43, 252.32, 301.93, 352.22, 143.88, 605.12
2019-05-29 00:00, 1211, 145.48, 292.32, 446.35, 144.29, 252.32, 301.86, 352.22, 143.89, 605.12
2019-05-29 01:00, 1211, 145.05, 292.35, 446.01, 144.37, 252.32, 301.83, 352.22, 143.62, 605.12
2019-05-29 02:00, 1211, 145.07, 292.42, 446.16, 144.42, 252.32, 301.92, 352.22, 144.06, 605.12
2019-05-29 03:00, 1211, 144.79, 292.58, 446.16, 144.46, 252.32, 301.84, 352.22, 143.86, 605.12
2019-05-29 04:00, 1211, 144.67, 292.76, 446.16, 144.39, 252.32, 301.73, 352.22, 143.38, 603.17
2019-05-29 05:00, 1211, 144.96, 293.1, 446.16, 144.54, 252.32, 301.86, 352.22, 144.33, 603.54
2019-05-29 06:00, 1211, 145.15, 293.3, 446.11, 144.92, 252.32, 301.53, 352.22, 143.96, 603.52
2019-05-29 07:00, 1211, 145.08, 293.26, 446.21, 144.82, 252.32, 301.48, 352.22, 143.49, 603.62
2019-05-29 08:00, 1211, 145.15, 293.22, 446.11, 144.45, 252.32, 301.51, 352.22, 143.54, 603.39
2019-05-29 09:00, 1211, 144.94, 293.23, 446.11, 144.5, 252.32, 301.49, 352.22, 143.56, 603.39
2019-05-29 10:00, 1211, 145.89, 293.12, 446.06, 144.27, 252.32, 301.78, 352.22, 143.62, 603.4
2019-05-29 11:00, 1211, 146.21, 293.01, 446.16, 144.28, 252.32, 301.85, 352.22, 143.67, 603.04
2019-05-29 12:00, 1211, 146.12, 293, 446.11, 144.63, 252.32, 301.59, 352.22, 143.58, 603.14
2019-05-29 13:00, 1211, 145.97, 292.62, 446.16, 144.78, 252.32, 301.57, 352.22, 143.53, 603.33
2019-05-29 14:00, 1211, 145.9, 292.94, 446.11, 144.86, 252.32, 301.98, 352.22, 143.57, 603.46
2019-05-29 15:00, 1211, 146.45, 292.74, 446.11, 144.81, 252.32, 301.5, 352.22, 143.4, 603.65
2019-05-29 16:00, 1211, 146.62, 293.04, 446.16, 144.62, 252.32, 301.8, 352.22, 143.48, 603.47
2019-05-29 17:00, 1211, 147.16, 293.36, 445.26, 144.28, 252.32, 301.97, 352.22, 143.44, 602.82
2019-05-29 18:00, 1211, 147.36, 293.59, 445.26, 144.32, 252.32, 301.97, 352.22, 143.71, 602.02
2019-05-29 19:00, 1211, 148.04, 293.59, 445.26, 144.27, 252.32, 301.25, 352.22, 143.46, 600.88
2019-05-29 20:00, 1211, 148.17, 293.59, 445.26, 144.55, 252.32, 301.33, 352.22, 143.8, 600.88
2019-05-29 21:00, 1211, 147.8, 293.59, 445.26, 144.85, 252.32, 301.78, 352.22, 144.03, 601.82
2019-05-29 22:00, 1211, 148.24, 293.59, 445.26, 144.56, 252.32, 301.66, 352.22, 143.8, 601.75
2019-05-29 23:00, 1211, 148.35, 293.62, 445.26, 145.02, 252.32, 301.84, 352.22, 143.74, 601.75
2019-05-30 00:00, 1211, 148.44, 293.81, 445.26, 144.78, 252.32, 301.74, 352.22, 142.89, 601.75
2019-05-30 01:00, 1211, 148.18, 290.82, 445.26, 144.84, 252.32, 301.61, 351.9, 143.09, 601.75
2019-05-30 02:00, 1211, 148.03, 290.78, 445.26, 144.82, 252.32, 301.92, 353.62, 143.25, 601.75
2019-05-30 03:00, 1211, 148.08, 290.74, 445.26, 144.68, 252.32, 301.97, 353.89, 143.11, 601.75
2019-05-30 04:00, 1211, 147.73, 290.87, 445.26, 144.69, 252.32, 301.82, 353.1, 142.15, 601.75
2019-05-30 05:00, 1211, 147.73, 290.89, 445.26, 144.78, 252.32, 301.8, 352.92, 142.46, 601.73
2019-05-30 06:00, 1211, 147.73, 290.97, 445.26, 144.94, 252.32, 301.72, 352.47, 141.29, 602.19
2019-05-30 07:00, 1211, 147.73, 291.07, 445.26, 145.08, 252.32, 301.58, 352.47, 141.27, 602.19
2019-05-30 08:00, 1211, 147.73, 291.07, 445.26, 145.41, 252.32, 301.57, 352.47, 140.34, 602.19
2019-05-30 09:00, 1211, 147.71, 291.07, 445.26, 145.35, 252.32, 301.56, 352.47, 140.56, 602.01
2019-05-30 10:00, 1211, 147.71, 291.07, 445.26, 145.3, 252.32, 301.83, 352.47, 140.61, 601.13
2019-05-30 11:00, 1211, 147.71, 291.07, 445.26, 145.04, 252.32, 302.05, 352.47, 140.71, 599.24
2019-05-30 12:00, 1211, 147.71, 291.07, 445.26, 144.85, 252.32, 302.22, 352.47, 140.93, 599.76
2019-05-30 13:00, 1211, 147.7, 291.07, 445.26, 144.77, 252.32, 302.22, 352.47, 141.04, 599.95
2019-05-30 14:00, 1211, 147.68, 291.07, 445.26, 144.85, 252.32, 302.22, 352.47, 141.29, 599.32
2019-05-30 15:00, 1211, 147.68, 291.07, 445.26, 144.97, 252.32, 302.22, 352.47, 142.01, 599.32
2019-05-30 16:00, 1211, 147.68, 291.07, 445.26, 145.02, 252.32, 302.22, 352.47, 142.11, 598.67
2019-05-30 17:00, 1211, 147.67, 291.07, 445.26, 145.44, 252.32, 302.22, 352.47, 142.1, 598.76
2019-05-30 18:00, 1211, 147.65, 291.07, 445.26, 145.51, 252.32, 302.22, 352.47, 142.1, 598.76
2019-05-30 19:00, 1211, 147.65, 291.07, 445.26, 145.3, 252.32, 302.22, 352.47, 142.11, 598.76
2019-05-30 20:00, 1211, 147.65, 291.07, 445.26, 145.27, 252.32, 302.22, 352.47, 142.11, 598.58
2019-05-30 21:00, 1211, 147.65, 291.07, 445.26, 145.16, 252.32, 302.22, 352.47, 142.11, 598.74
2019-05-30 22:00, 1211, 147.65, 291.07, 445.26, 145, 252.32, 302.22, 352.47, 142.11, 598.34
2019-05-30 23:00, 1211, 147.65, 291.27, 445.26, 144.98, 252.32, 302.22, 352.47, 142.11, 598.4
2019-05-31 00:00, 1211, 147.65, 290.14, 445.26, 144.97, 252.32, 300.08, 352.62, 142.11, 597.53
2019-05-31 01:00, 1211, 147.65, 290.06, 445.26, 144.86, 252.32, 300.32, 351.81, 142.11, 597.41
2019-05-31 02:00, 1211, 147.65, 290.43, 445.26, 144.97, 252.32, 300.1, 351.81, 142.1, 597.92
2019-05-31 03:00, 1211, 147.65, 291.65, 445.26, 144.45, 252.32, 301.82, 351.81, 141.99, 597.44
2019-05-31 04:00, 1211, 147.62, 291.71, 445.26, 144.6, 252.32, 301.82, 351.81, 141.86, 598.14
2019-05-31 05:00, 1211, 147.62, 291.95, 445.26, 144.71, 252.32, 301.82, 351.81, 141.89, 598.58
2019-05-31 06:00, 1211, 147.62, 291.62, 445.26, 144.65, 252.32, 301.81, 351.81, 141.9, 598.15
2019-05-31 07:00, 1211, 147.62, 291.56, 445.26, 144.51, 252.32, 301.77, 351.81, 141.89, 598.02
2019-05-31 08:00, 1211, 147.61, 291.56, 445.26, 144.02, 252.32, 301.65, 351.81, 141.82, 598.02
2019-05-31 09:00, 1211, 147.57, 291.56, 445.26, 143.66, 252.32, 301.75, 351.81, 141.75, 597.74
2019-05-31 10:00, 1211, 147.57, 291.56, 445.26, 143.35, 252.32, 302.07, 351.81, 141.83, 598.52
2019-05-31 11:00, 1211, 147.54, 291.56, 445.26, 143.38, 252.32, 301.56, 351.81, 141.77, 599.94
2019-05-31 12:00, 1211, 147.58, 291.56, 445.26, 143.36, 252.32, 301.96, 351.81, 141.4, 601.13
2019-05-31 13:00, 1211, 147.59, 291.56, 445.26, 143.56, 252.32, 301.97, 351.81, 141.2, 601.13
2019-05-31 14:00, 1211, 147.56, 291.56, 445.26, 143.35, 252.32, 302.34, 351.81, 141.03, 601.13
2019-05-31 15:00, 1211, 147.54, 291.56, 445.26, 143.06, 252.32, 302.44, 351.81, 141.35, 600.62
2019-05-31 16:00, 1211, 147.64, 291.56, 445.26, 143.39, 252.32, 303.22, 351.81, 141.44, 602.85
2019-05-31 17:00, 1211, 147.66, 291.56, 445.26, 143.44, 252.32, 303.41, 351.81, 141.56, 602.89
2019-05-31 18:00, 1211, 147.53, 291.56, 433.14, 142.11, 252.32, 303.39, 351.81, 142.07, 599.41
2019-05-31 19:00, 1211, 147.58, 291.56, 436.75, 143.3, 252.32, 302.77, 351.81, 141.9, 598.93
2019-05-31 20:00, 1211, 147.68, 291.56, 443.19, 143.39, 252.32, 302.44, 351.81, 141.8, 598.93
2019-05-31 21:00, 1211, 147.67, 291.56, 445.7, 143.54, 252.32, 301.84, 351.81, 141.56, 598.93
2019-05-31 22:00, 1211, 147.67, 291.56, 448.77, 143.45, 252.32, 301.77, 352.99, 141.74, 598.93
2019-05-31 23:00, 1211, 147.67, 291.19, 448.77, 143.07, 252.32, 302.15, 354.49, 142.02, 598.93
2019-06-01 00:00, 1211, 147.67, 291.28, 446.36, 142.82, 252.32, 302.1, 359.74, 141.99, 598.93
2019-06-03 01:00, 1211, 147.67, 291.32, 445.8, 142.72, 251.26, 302.19, 357.28, 142.12, 598.93
2019-06-03 02:00, 1211, 147.67, 292.55, 447.56, 142.79, 250.4, 301.79, 357.93, 141.9, 598.93
2019-06-03 03:00, 1211, 147.67, 292.64, 448.57, 142.97, 250.03, 302.17, 357.92, 142.17, 598.93
2019-06-03 04:00, 1211, 147.67, 292.31, 451.33, 143.53, 248.68, 300.9, 357.38, 141.73, 598.93
2019-06-03 05:00, 1211, 147.67, 292.05, 454.1, 143.35, 247.43, 300.48, 357.35, 141.61, 598.93
2019-06-03 06:00, 1211, 147.67, 291.83, 455.86, 143.28, 246.61, 299.51, 354.64, 141.43, 598.93
2019-06-03 07:00, 1211, 147.67, 291.92, 455.96, 143.28, 247.4, 299.73, 354.69, 141.47, 599.27
2019-06-03 08:00, 1211, 147.67, 292.02, 455.96, 142.97, 249.23, 299.99, 354.49, 141.58, 600.15
2019-06-03 09:00, 1211, 147.67, 291.9, 455.96, 143.3, 249.83, 300.45, 355.53, 141.86, 599.63
2019-06-03 10:00, 1211, 147.67, 292.32, 452.64, 143.33, 252.42, 294.94, 355.53, 141.73, 599.88
2019-06-03 11:00, 1211, 147.67, 292.55, 457.02, 144.2, 250.24, 308.34, 355.53, 140.76, 599.88
2019-06-03 12:00, 1211, 147.67, 292.45, 460.55, 144.15, 248.63, 309.2, 355.53, 141, 599.88
2019-06-03 13:00, 1211, 147.67, 292.11, 457.43, 143.55, 250.12, 311.04, 355.53, 141.74, 599.88
2019-06-03 14:00, 1211, 147.68, 291.95, 462.77, 143.61, 247.6, 311.94, 355.53, 141.81, 599.88
2019-06-03 15:00, 1211, 147.59, 291.98, 461.15, 143.98, 248.34, 310.33, 355.53, 141.79, 599.93
2019-06-03 16:00, 1211, 147.39, 291.69, 468.65, 144.23, 244.89, 314.03, 355.53, 141.76, 599.65
2019-06-03 17:00, 1211, 147.59, 291.82, 468.65, 144.13, 243.15, 314.03, 355.53, 141.56, 599.03
2019-06-03 18:00, 1211, 147.52, 291.28, 468.65, 144.08, 243.39, 316.33, 355.53, 142.48, 596.68
2019-06-03 19:00, 1211, 147.67, 291.22, 468.65, 144.05, 242.62, 316.35, 355.53, 142.53, 596.22
2019-06-03 20:00, 1211, 148.56, 291.14, 468.65, 144.52, 239.95, 315.98, 355.53, 142.53, 594.62
2019-06-03 21:00, 1211, 154.43, 290.6, 468.65, 145.27, 233.28, 313.85, 355.53, 142.09, 594.62
2019-06-03 22:00, 1211, 157.74, 290.14, 468.65, 145.49, 230.79, 313.21, 355.53, 142.27, 590.59
2019-06-03 23:00, 1211, 155.25, 290.14, 468.65, 145.17, 230.79, 313.38, 355.53, 142.07, 592.02
2019-06-04 00:00, 1211, 153.8, 290.14, 468.65, 145.36, 230.79, 313.38, 355.53, 142.25, 591.64
2019-06-04 01:00, 1211, 154.38, 290.14, 468.65, 145.41, 230.79, 313.68, 355.53, 142.21, 591.94
2019-06-04 02:00, 1211, 154.63, 290.14, 468.65, 145.08, 230.79, 313.8, 355.53, 142.28, 592.08
2019-06-04 03:00, 1211, 154.67, 290.14, 468.65, 145.26, 230.79, 314.6, 355.53, 142.6, 592.1
2019-06-04 04:00, 1211, 155.61, 290.14, 468.65, 144.86, 230.79, 314.7, 355.42, 142.64, 593.02
2019-06-04 05:00, 1211, 155.1, 290.14, 468.65, 144.69, 230.79, 315.23, 356.3, 142.69, 593.02
2019-06-04 06:00, 1211, 156.25, 290.14, 468.65, 145.12, 230.79, 313.97, 355.8, 142.79, 593.02
2019-06-04 07:00, 1211, 156.36, 290.14, 468.65, 145.01, 230.79, 313.73, 355.8, 142.81, 593.02
2019-06-04 08:00, 1211, 154.97, 290.14, 468.65, 144.61, 230.79, 320.99, 355.8, 142.87, 593.02
2019-06-04 09:00, 1211, 156.3, 290.14, 468.65, 144.74, 230.79, 319.69, 355.8, 142.89, 593.02
2019-06-04 10:00, 1211, 158.63, 290.14, 468.65, 145.15, 230.79, 319.88, 355.8, 142.99, 593.02
2019-06-04 11:00, 1211, 158.28, 290.14, 468.65, 145.27, 230.79, 317.86, 355.8, 143.13, 593.02
2019-06-04 12:00, 1211, 155.13, 290.14, 468.65, 145.29, 230.79, 314.27, 355.8, 143.11, 593.02
2019-06-04 13:00, 1211, 154.92, 290.14, 468.65, 144.98, 230.79, 318.22, 355.8, 143.19, 593.02
2019-06-04 14:00, 1211, 154.92, 290.14, 468.65, 145.05, 230.79, 318.05, 355.8, 143.19, 593.77
2019-06-04 15:00, 1211, 154.92, 290.14, 468.65, 145.47, 230.79, 318.76, 355.8, 143.19, 593.77
2019-06-04 16:00, 1211, 154.95, 290.14, 468.65, 145.32, 230.79, 318.52, 355.8, 143.19, 593.77
2019-06-04 17:00, 1211, 154.86, 290.14, 468.65, 145.49, 230.79, 324.15, 355.8, 143.19, 596.51
2019-06-04 18:00, 1211, 154.86, 290.14, 468.65, 145.94, 230.79, 324.78, 355.8, 143.19, 596.35
2019-06-04 19:00, 1211, 154.86, 290.14, 468.65, 146.05, 230.79, 323.74, 355.8, 143.19, 595.17
2019-06-04 20:00, 1211, 154.86, 290.14, 468.65, 145.96, 230.79, 323.12, 355.8, 143.19, 594.79
2019-06-04 21:00, 1211, 154.86, 290.14, 468.65, 146.09, 230.79, 321.66, 355.8, 143.19, 594.79
2019-06-04 22:00, 1211, 154.86, 290.14, 468.65, 146.34, 230.79, 322.15, 354.25, 143.18, 594.79
2019-06-04 23:00, 1211, 154.86, 290.31, 468.65, 146.25, 230.79, 322.26, 355.51, 143.2, 594.79
2019-06-05 00:00, 1211, 154.86, 289.42, 468.65, 146.03, 230.79, 323.08, 355.53, 143.21, 594.79
2019-06-05 01:00, 1211, 154.86, 289.4, 468.65, 146.16, 230.79, 322.74, 356.26, 143.25, 594.79
2019-06-05 02:00, 1211, 154.86, 289.53, 468.65, 146.41, 230.79, 323.04, 356.35, 143.25, 594.79
2019-06-05 03:00, 1211, 154.86, 289.51, 468.65, 146.61, 230.79, 322.22, 356.85, 143.25, 594.79
2019-06-05 04:00, 1211, 154.86, 289.39, 468.65, 146.23, 230.79, 323.44, 356.85, 143.25, 594.79
2019-06-05 05:00, 1211, 154.86, 290.25, 468.65, 146.36, 230.79, 322.68, 356.85, 143.35, 594.79
2019-06-05 06:00, 1211, 154.86, 289.6, 468.65, 146.15, 230.79, 322.83, 356.85, 143.36, 594.79
2019-06-05 07:00, 1211, 154.86, 289.13, 468.65, 146.18, 230.79, 322.11, 356.85, 143.33, 594.79
2019-06-05 08:00, 1211, 154.86, 289.29, 468.65, 146.06, 230.79, 323, 356.85, 143.34, 594.79
2019-06-05 09:00, 1211, 154.86, 289.67, 469.4, 146.28, 230.79, 322.54, 356.85, 143.3, 594.58
2019-06-05 10:00, 1211, 154.86, 289.14, 467.85, 146.28, 230.79, 322.41, 356.85, 143.3, 595.02
2019-06-05 11:00, 1211, 154.86, 289.6, 469.7, 146.93, 230.79, 321.27, 356.85, 143.33, 594.45
2019-06-05 12:00, 1211, 154.87, 290.53, 469.7, 147.09, 230.79, 321.16, 356.85, 143.3, 594.03
2019-06-05 13:00, 1211, 154.93, 290.63, 469.7, 147.68, 230.79, 319.91, 356.85, 143.32, 594.03
2019-06-05 14:00, 1211, 154.73, 290.63, 469.7, 147.23, 230.79, 321.15, 356.85, 143.32, 594.03
2019-06-05 15:00, 1211, 154.73, 290.63, 469.7, 147.08, 230.79, 323.37, 356.85, 143.3, 594.08
2019-06-05 16:00, 1211, 154.8, 290.63, 469.7, 147.48, 230.8, 324.83, 356.85, 143.29, 594.62
2019-06-05 17:00, 1211, 154.62, 290.63, 470.1, 146.74, 230.8, 325.19, 356.85, 143.24, 595.35
2019-06-05 18:00, 1211, 154.62, 290.63, 464.08, 146.4, 230.8, 326.51, 356.85, 143.58, 594.82
2019-06-05 19:00, 1211, 154.76, 290.63, 454.1, 146.21, 230.8, 328.04, 356.85, 143.61, 597.16
2019-06-05 20:00, 1211, 154.87, 290.63, 450.57, 146.12, 230.8, 328.04, 356.85, 143.58, 597.16
2019-06-05 21:00, 1211, 154.9, 290.63, 449.56, 146.04, 230.8, 328.04, 356.85, 143.61, 597.16
2019-06-05 22:00, 1211, 155.01, 290.63, 449.31, 146.23, 230.8, 328.04, 356.85, 143.6, 597.16
2019-06-05 23:00, 1211, 155.05, 290.62, 449.31, 146.25, 230.8, 328.04, 356.85, 143.7, 597.16
2019-06-06 00:00, 1211, 155.11, 290.17, 449.31, 146.13, 230.8, 328.04, 356.85, 143.7, 597.16
2019-06-06 01:00, 1211, 155.03, 290.49, 449.31, 145.43, 230.8, 328.04, 356.85, 143.69, 597.16
2019-06-06 02:00, 1211, 155, 291.03, 449.31, 145.55, 230.8, 328.04, 356.85, 143.7, 597.16
2019-06-06 03:00, 1211, 155, 291.04, 449.31, 145.78, 230.8, 328.04, 356.85, 143.69, 597.16
2019-06-06 04:00, 1235.67, 155.03, 290.99, 449.31, 145.77, 230.8, 328.04, 356.85, 143.69, 597.16
2019-06-06 05:00, 1239.53, 155.07, 291.06, 449.31, 145.31, 230.8, 328.04, 356.85, 143.69, 597.16
2019-06-06 06:00, 1239.53, 155.03, 290.92, 449.31, 145.38, 230.8, 328.04, 356.85, 143.68, 597.16
2019-06-06 07:00, 1239.53, 154.96, 290.75, 449.31, 145.27, 230.8, 328.04, 356.85, 143.67, 597.16
2019-06-06 08:00, 1239.53, 154.9, 290.84, 449.31, 145.25, 230.8, 328.04, 356.85, 143.68, 597.16
2019-06-06 09:00, 1239.53, 154.89, 291.06, 449.31, 145.17, 230.8, 328.04, 356.85, 143.69, 597.16
2019-06-06 10:00, 1239.53, 154.87, 291.26, 449.31, 144.95, 230.8, 328.04, 356.85, 143.68, 597.16
2019-06-06 11:00, 1239.53, 154.85, 291.26, 449.31, 145.37, 230.8, 328.04, 356.85, 143.67, 597.16
2019-06-06 12:00, 1239.53, 154.85, 291.26, 449.31, 145.13, 230.8, 328.04, 356.85, 143.64, 597.16
2019-06-06 13:00, 1239.53, 154.85, 291.26, 449.31, 145.15, 230.8, 328.04, 356.85, 143.65, 597.16
2019-06-06 14:00, 1239.53, 154.85, 291.26, 449.31, 144.87, 230.8, 328.04, 356.85, 143.62, 597.16
2019-06-06 15:00, 1239.53, 154, 291.26, 449.31, 146.21, 230.8, 328.04, 356.85, 143.63, 596.7
2019-06-06 16:00, 1239.53, 151.64, 291.26, 449.31, 146.55, 230.8, 328.04, 356.85, 143.7, 596.14
2019-06-06 17:00, 1239.53, 151.26, 291.26, 443.91, 146.49, 230.8, 328.04, 356.85, 143.7, 596.22
2019-06-06 18:00, 1239.53, 151.26, 291.26, 457.23, 147.45, 230.8, 328.04, 356.85, 143.7, 597.32
2019-06-06 19:00, 1239.53, 151.26, 291.26, 461.46, 147.34, 230.8, 328.04, 356.85, 143.7, 597.3
2019-06-06 20:00, 1239.53, 151.26, 291.26, 461.46, 147.78, 230.8, 328.04, 356.85, 143.7, 596.87
2019-06-06 21:00, 1239.53, 151.26, 291.26, 461.46, 147.76, 230.8, 328.04, 356.85, 143.7, 597.54
2019-06-06 22:00, 1239.53, 151.26, 291.26, 461.46, 147.89, 230.8, 328.39, 357.66, 143.68, 597.94
2019-06-06 23:00, 1239.53, 151.26, 290.94, 461.46, 148.08, 230.8, 329.41, 360.67, 143.68, 598.1
2019-06-07 00:00, 1239.53, 151.26, 290.54, 461.46, 147.59, 230.8, 326.34, 354.24, 143.62, 598.19
2019-06-07 01:00, 1239.53, 151.26, 290.07, 461.46, 147.49, 231.58, 330.55, 356.39, 143.64, 598.2
2019-06-07 02:00, 1247.31, 151.26, 289.93, 461.46, 147.61, 231.21, 330.19, 356.69, 143.64, 598.28
2019-06-07 03:00, 1261.99, 151.26, 290.16, 461.46, 147.88, 232.78, 331.01, 356.69, 143.58, 598.07
2019-06-07 04:00, 1261.99, 151.26, 290.29, 461.46, 147.89, 232.78, 331.01, 356.69, 143.56, 598.04
2019-06-07 05:00, 1261.99, 151.26, 290.14, 461.46, 148.03, 232.78, 331.01, 356.69, 143.54, 598.02
2019-06-07 06:00, 1261.99, 151.26, 290.2, 461.46, 147.83, 232.78, 331.01, 356.69, 143.49, 597.13
2019-06-07 07:00, 1261.99, 151.26, 290.4, 461.46, 147.78, 232.78, 331.01, 356.69, 143.49, 596.81
2019-06-07 08:00, 1261.99, 151.26, 290.39, 461.46, 147.71, 232.78, 331.01, 356.69, 143.43, 596.81
2019-06-07 09:00, 1261.99, 151.26, 290.56, 461.46, 147.41, 232.78, 331.01, 356.69, 143.41, 596.19
2019-06-07 10:00, 1261.99, 151.26, 290.56, 461.36, 147.14, 232.78, 331.01, 356.69, 143.53, 594.87
2019-06-07 11:00, 1261.99, 151.26, 290.56, 461.51, 147.1, 232.78, 331.01, 356.69, 143.34, 595.24
2019-06-07 12:00, 1261.99, 151.26, 290.56, 462.62, 147.15, 232.78, 331.01, 356.69, 143.56, 594.43
2019-06-07 13:00, 1261.99, 151.25, 290.56, 458.48, 147.15, 232.78, 331.01, 356.69, 143.5, 594.58
2019-06-07 14:00, 1261.99, 151.21, 290.56, 461.6, 147.21, 232.78, 331.01, 356.69, 143.37, 594.88
2019-06-07 15:00, 1261.99, 151.18, 290.56, 463.41, 147.31, 232.78, 331.01, 356.69, 143.59, 594.88
2019-06-07 16:00, 1261.99, 152.02, 290.56, 463.41, 147.85, 232.78, 331.01, 356.69, 143.69, 597.7
2019-06-07 17:00, 1261.99, 152.07, 290.56, 463.41, 148.05, 232.78, 331.01, 356.69, 143.63, 599.64
2019-06-07 18:00, 1261.99, 152.61, 290.56, 463.41, 147.86, 237.29, 331.01, 356.69, 143.8, 599.64
2019-06-07 19:00, 1261.99, 152.22, 290.56, 463.41, 148.82, 233.74, 331.01, 356.69, 143.68, 600.45
2019-06-07 20:00, 1261.99, 152.67, 290.56, 463.41, 148.68, 237.83, 331.01, 356.69, 143.63, 600.45
2019-06-07 21:00, 1261.99, 152.77, 290.56, 463.41, 148.97, 238.77, 331.01, 356.69, 143.59, 600.45
2019-06-07 22:00, 1261.99, 152.66, 290.56, 463.41, 149.14, 237.36, 331.01, 356.69, 143.6, 600.45
2019-06-07 23:00, 1261.99, 152.48, 290.24, 463.41, 148.72, 237.36, 331.01, 357.05, 143.6, 600.45
2019-06-08 00:00, 1261.99, 152.47, 290.29, 463.41, 148.74, 237.36, 331.01, 355.64, 143.57, 600.45
2019-06-10 01:00, 1261.99, 152.47, 293.04, 463.41, 149.75, 233.66, 331.01, 350.71, 143.53, 600.45
2019-06-10 02:00, 1277.42, 152.47, 292.6, 463.41, 150.17, 238.67, 331.01, 353.49, 143.54, 600.45
2019-06-10 03:00, 1277.42, 152.47, 292.32, 463.41, 150, 238.12, 331.01, 353.94, 143.56, 600.45
2019-06-10 04:00, 1277.42, 152.47, 292.32, 463.41, 149.72, 238.82, 331.01, 352.92, 143.44, 600.45
2019-06-10 05:00, 1277.42, 152.45, 292.16, 463.41, 150.48, 239.06, 331.01, 350.35, 143.31, 600.45
2019-06-10 06:00, 1277.42, 152.47, 292.14, 463.41, 150.57, 239.66, 331.01, 347.91, 143.3, 600.45
2019-06-10 07:00, 1277.42, 152.49, 292.1, 463.41, 150.4, 240.21, 331.01, 345.8, 142.92, 600.45
2019-06-10 08:00, 1277.42, 152.51, 291.87, 460.51, 150.7, 241.04, 331.01, 344.2, 142.86, 600.45
2019-06-10 09:00, 1277.42, 152.54, 292.15, 458.65, 150.52, 241.91, 331.01, 345.03, 142.71, 600.45
2019-06-10 10:00, 1277.42, 152.49, 292.31, 462.48, 150.56, 240.18, 331.01, 345.03, 142.21, 600.55
2019-06-10 11:00, 1277.42, 152.69, 292.31, 451.97, 150.32, 245.52, 331.01, 345.93, 142.2, 599.47
2019-06-10 12:00, 1277.42, 152.64, 292.82, 454.01, 150.36, 245.52, 331.01, 345.68, 142.13, 599.47
2019-06-10 13:00, 1277.42, 152.49, 292.8, 459.69, 150.35, 245.52, 331.01, 348.14, 142.5, 599.47
2019-06-10 14:00, 1277.42, 152.46, 292.96, 460.56, 150.39, 245.52, 331.01, 346.57, 142.21, 599.47
2019-06-10 15:00, 1277.42, 152.45, 292.39, 454.76, 150.05, 245.52, 331.01, 344.68, 141.95, 599.47
2019-06-10 16:00, 1277.42, 152.45, 293.08, 460.85, 149.99, 245.52, 331.01, 346.28, 142.51, 599.07
2019-06-10 17:00, 1277.42, 152.45, 292.69, 456.44, 149.99, 245.52, 331.01, 345.61, 142.32, 598.84
2019-06-10 18:00, 1277.42, 152.15, 293.11, 465.27, 150.11, 245.52, 331.01, 346.5, 142.26, 598.84
2019-06-10 19:00, 1277.42, 151.95, 293.13, 461.9, 150.09, 245.52, 331.01, 343.21, 141.37, 598.84
2019-06-10 20:00, 1277.42, 152, 293.35, 465.51, 150.26, 245.52, 331.01, 344.27, 141.67, 598.84
2019-06-10 21:00, 1277.42, 151.98, 293.21, 464.15, 149.78, 245.52, 331.01, 343.28, 141.39, 598.84
2019-06-10 22:00, 1277.42, 151.99, 293.3, 464.97, 149.56, 245.52, 333.13, 343.41, 141.52, 598.84
2019-06-10 23:00, 1277.42, 152.01, 293.32, 466.45, 149.73, 245.52, 335.06, 343.84, 141.5, 598.84
2019-06-11 00:00, 1277.42, 151.96, 293.13, 462.49, 149.49, 245.52, 335.06, 343.13, 141.28, 598.84
2019-06-11 01:00, 1277.42, 151.96, 293.17, 462.84, 149.5, 245.52, 335.06, 343.66, 141.33, 598.84
2019-06-11 02:00, 1277.42, 151.98, 293.15, 463.9, 149.49, 245.52, 335.06, 342.97, 141.29, 598.84
2019-06-11 03:00, 1277.42, 152, 293.35, 465.74, 149.38, 245.52, 335.06, 343.19, 141.38, 598.84
2019-06-11 04:00, 1277.42, 151.94, 293.15, 463.84, 149.55, 245.52, 335.06, 341.77, 140.95, 598.84
2019-06-11 05:00, 1277.42, 151.88, 293.07, 461.54, 149.96, 245.52, 335.06, 341.67, 140.44, 598.84
2019-06-11 06:00, 1277.42, 151.88, 293.07, 464.43, 150.24, 245.52, 335.06, 343.06, 140.81, 598.84
2019-06-11 07:00, 1277.42, 151.88, 293.04, 463.31, 149.96, 245.52, 335.06, 341.48, 140.08, 598.67
2019-06-11 08:00, 1277.42, 151.88, 293.11, 465.38, 149.95, 245.52, 335.06, 341.14, 140.02, 599.06
2019-06-11 09:00, 1277.42, 151.86, 292.96, 466.39, 149.62, 245.52, 335.06, 339.03, 139.29, 599.25
2019-06-11 10:00, 1277.42, 151.86, 292.95, 463.9, 149.55, 245.52, 335.06, 339.32, 139.41, 598.77
2019-06-11 11:00, 1277.42, 151.83, 293.17, 467.57, 149.84, 245.52, 335.06, 339.3, 139.07, 599.16
2019-06-11 12:00, 1277.42, 151.83, 292.55, 462.72, 149.68, 245.52, 335.06, 339.68, 139.03, 598.39
2019-06-11 13:00, 1277.42, 151.83, 292.29, 465.97, 149.38, 245.52, 335.06, 338.31, 138.05, 597.22
2019-06-11 14:00, 1277.42, 151.83, 292.21, 463.49, 149.64, 245.52, 335.06, 339.32, 137.87, 595.7
2019-06-11 15:00, 1277.42, 151.81, 292.04, 461.12, 149.37, 245.52, 335.06, 338.28, 137.4, 594.7
2019-06-11 16:00, 1277.42, 151.7, 291.55, 466.09, 149.65, 245.52, 335.06, 340.23, 137.69, 589.35
2019-06-11 17:00, 1277.42, 151.7, 291.55, 464.02, 149.28, 245.52, 335.06, 341.09, 139.19, 589.35
2019-06-11 18:00, 1277.42, 151.7, 291.55, 463.73, 149.47, 245.52, 335.06, 344.21, 141.36, 589.35
2019-06-11 19:00, 1277.42, 151.7, 291.55, 464.14, 149.53, 245.52, 335.06, 346.49, 142.64, 589.35
2019-06-11 20:00, 1277.42, 151.69, 291.55, 472.4, 149.76, 245.52, 335.06, 348.13, 144.2, 590.67
2019-06-11 21:00, 1277.42, 151.76, 291.55, 474.34, 149.87, 245.52, 335.06, 346.82, 144.13, 591.33
2019-06-11 22:00, 1277.42, 151.76, 291.55, 475.08, 149.74, 245.52, 335.06, 346.98, 144.13, 591.27
2019-06-11 23:00, 1277.42, 151.67, 291.51, 473.9, 149.64, 245.52, 335.06, 346.7, 144.11, 590.47
2019-06-12 00:00, 1277.42, 151.6, 290.82, 473.14, 149.63, 245.52, 335.06, 346.73, 144.11, 589.43
2019-06-12 01:00, 1262.53, 151.6, 290.84, 473.19, 149.85, 245.52, 335.06, 347.44, 144.17, 589.75
2019-06-12 02:00, 1310.88, 151.61, 291.08, 473.4, 149.61, 245.52, 335.06, 346.63, 144.1, 590.12
2019-06-12 03:00, 1310.88, 151.62, 291.21, 473.87, 149.45, 245.52, 335.06, 346.42, 144.08, 590.48
2019-06-12 04:00, 1310.88, 151.62, 291.35, 473.84, 149.46, 245.52, 335.06, 345.3, 143.99, 589.96
2019-06-12 05:00, 1310.88, 151.61, 291.7, 473.69, 149.16, 245.52, 335.06, 343.81, 143.86, 590.36
2019-06-12 06:00, 1310.88, 151.61, 291.55, 473.37, 148.93, 245.52, 334.96, 343.16, 143.8, 590.1
2019-06-12 07:00, 1310.88, 151.65, 292.11, 475.05, 148.97, 245.52, 334.87, 342.95, 143.77, 590.64
2019-06-12 08:00, 1310.88, 151.65, 292.18, 475.19, 149.1, 245.52, 334.88, 343.29, 143.82, 590.71
2019-06-12 09:00, 1310.88, 151.68, 292.37, 476.17, 148.96, 245.52, 334.82, 343.45, 143.9, 591.17
2019-06-12 10:00, 1310.88, 151.65, 292.37, 475.22, 148.66, 245.52, 334.9, 343.48, 143.96, 591.22
2019-06-12 11:00, 1310.88, 151.7, 292.37, 476.9, 148.85, 245.52, 335.12, 344.46, 144.04, 591.51
2019-06-12 12:00, 1310.88, 151.54, 292.37, 475.25, 148.47, 245.52, 334.95, 345.87, 144.16, 590.39
2019-06-12 13:00, 1310.88, 151.49, 292.37, 473.75, 148.47, 245.52, 334.92, 346.4, 144.21, 590.76
2019-06-12 14:00, 1310.88, 151.49, 292.37, 471.13, 148.29, 245.52, 334.94, 345.02, 144.1, 589.64
2019-06-12 15:00, 1310.88, 151.49, 292.37, 471.63, 148.15, 245.52, 334.93, 345.62, 144.14, 589.76
2019-06-12 16:00, 1310.88, 151.49, 292.37, 471.02, 147.84, 245.52, 334.92, 343.35, 143.95, 587.89
2019-06-12 17:00, 1310.88, 151.4, 292.37, 469.74, 147.89, 245.52, 334.73, 341.47, 143.79, 587.89
2019-06-12 18:00, 1310.88, 151.4, 292.37, 471.25, 147.99, 245.52, 334.86, 340.58, 143.71, 588.22
2019-06-12 19:00, 1310.88, 151.4, 292.37, 468.23, 147.78, 245.52, 334.59, 342.42, 143.86, 588.22
2019-06-12 20:00, 1310.88, 151.54, 292.37, 463.42, 147.69, 245.52, 334.3, 341.97, 143.83, 588.22
2019-06-12 21:00, 1310.88, 151.63, 292.37, 463.42, 147.57, 245.52, 334.05, 342.67, 143.89, 588.22
2019-06-12 22:00, 1310.88, 151.87, 292.37, 463.42, 147.51, 245.52, 333.59, 343.28, 143.94, 588.22
2019-06-12 23:00, 1310.88, 151.82, 292.23, 463.42, 147.75, 245.52, 333.6, 344.66, 144.03, 588.22
2019-06-13 00:00, 1310.88, 151.8, 292.01, 463.42, 147.81, 245.52, 333.75, 346.1, 143.35, 588.22
2019-06-13 01:00, 1310.88, 151.75, 291.58, 460.81, 148, 245.52, 333.92, 346.35, 143.05, 588.22
2019-06-13 02:00, 1310.88, 151.73, 291.65, 460.46, 147.87, 245.52, 333.87, 346.07, 143.29, 588.22
2019-06-13 03:00, 1310.88, 151.74, 291.86, 460.63, 147.95, 245.52, 333.77, 345.25, 143.59, 588.22
2019-06-13 04:00, 1310.88, 151.79, 291.99, 461.62, 147.68, 245.52, 333.76, 344.28, 143.85, 588.22
2019-06-13 05:00, 1310.88, 151.64, 292.04, 458.77, 146.53, 245.52, 333.03, 340.27, 144.69, 588.22
2019-06-13 06:00, 1310.88, 151.68, 291.81, 459.59, 146.05, 245.52, 332.08, 338.28, 144.6, 588.49
2019-06-13 07:00, 1310.88, 151.71, 292.04, 460.11, 145.74, 245.52, 331.37, 335.82, 144.39, 588.38
2019-06-13 08:00, 1310.88, 151.58, 292.09, 457.5, 145.96, 245.52, 331.66, 335.82, 144.4, 588.41
2019-06-13 09:00, 1310.88, 151.58, 292.48, 456.8, 145.98, 245.52, 332.35, 335.82, 144.46, 588.42
2019-06-13 10:00, 1310.88, 151.55, 292.88, 459.3, 145.44, 245.52, 332.28, 335.82, 144.22, 588.59
2019-06-13 11:00, 1310.88, 151.55, 292.93, 458.95, 146.27, 245.52, 331.83, 335.82, 144.23, 588.83
2019-06-13 12:00, 1310.88, 151.55, 292.93, 461.09, 146.28, 245.52, 330.75, 335.82, 144.02, 588.94
2019-06-13 13:00, 1310.88, 151.53, 292.93, 462.66, 146.08, 245.52, 330.79, 335.82, 143.7, 588.89
2019-06-13 14:00, 1310.88, 151.54, 292.93, 463.65, 146.28, 245.52, 330.71, 335.82, 143.16, 589.23
2019-06-13 15:00, 1310.88, 151.53, 292.93, 458.2, 147.55, 245.52, 331.65, 335.82, 144.25, 588.61
2019-06-13 16:00, 1310.88, 151.56, 292.93, 468.75, 147.93, 245.52, 331.15, 335.82, 144.77, 591.03
2019-06-13 17:00, 1310.88, 151.6, 292.93, 472.29, 147.8, 245.52, 331.23, 335.82, 144.71, 591.81
2019-06-13 18:00, 1310.88, 151.6, 292.93, 472.69, 148.06, 245.52, 331.47, 335.82, 145.03, 591.81
2019-06-13 19:00, 1310.88, 151.59, 292.93, 472.35, 147.69, 245.52, 331.22, 335.82, 145.11, 591.81
2019-06-13 20:00, 1310.88, 151.57, 292.93, 472.35, 147.34, 245.52, 331.55, 335.82, 144.76, 591.67
2019-06-13 21:00, 1310.88, 151.55, 292.93, 472.35, 148.03, 245.52, 332, 335.82, 145.35, 590.79
2019-06-13 22:00, 1310.88, 151.55, 292.93, 474.38, 148.28, 245.52, 331.77, 335.82, 145.66, 590.79
2019-06-13 23:00, 1310.88, 151.58, 292.99, 476.75, 148.53, 245.52, 331.76, 335.82, 145.91, 590.79
2019-06-14 00:00, 1310.88, 151.57, 293.3, 475.71, 148.14, 245.52, 331.59, 335.82, 145.62, 590.79
2019-06-14 01:00, 1310.88, 151.57, 292.75, 475.45, 148.11, 245.52, 331.82, 335.82, 145.65, 590.79
2019-06-14 02:00, 1310.88, 151.56, 293.39, 475.17, 148.17, 245.52, 331.65, 335.82, 145.71, 590.79
2019-06-14 03:00, 1310.88, 151.55, 293.45, 474.36, 147.51, 245.52, 331.18, 335.82, 145.49, 590.79
2019-06-14 04:00, 1310.88, 151.56, 292.77, 474.76, 148, 245.52, 330.69, 335.82, 145.83, 590.79
2019-06-14 05:00, 1310.88, 151.58, 292.75, 476.55, 145.78, 245.52, 328.43, 335.82, 144.53, 590.79
2019-06-14 06:00, 1310.88, 151.59, 292.68, 477.07, 146, 245.52, 328.82, 335.82, 144.74, 590.79
2019-06-14 07:00, 1310.88, 151.61, 293.21, 478.62, 146.36, 245.52, 329.69, 335.82, 144.94, 590.79
2019-06-14 08:00, 1310.88, 151.6, 292.89, 478.22, 146.61, 245.52, 329.88, 335.82, 145.13, 590.79
2019-06-14 09:00, 1310.88, 151.62, 293.04, 479.03, 146.2, 245.52, 329.57, 335.82, 144.92, 590.79
2019-06-14 10:00, 1310.88, 151.54, 292.97, 472.91, 146.53, 245.52, 330.08, 335.82, 145.23, 591
2019-06-14 11:00, 1310.88, 151.52, 292.97, 471.65, 145.81, 245.52, 330.4, 335.82, 145.04, 590.84
2019-06-14 12:00, 1310.88, 151.52, 293.42, 474.18, 145.31, 245.52, 330.47, 335.82, 144.89, 590.35
2019-06-14 13:00, 1310.88, 151.43, 294.25, 478.96, 145.25, 245.52, 330.83, 335.82, 144.84, 589.71
2019-06-14 14:00, 1310.88, 151.43, 294.25, 478.96, 145.43, 245.52, 330.33, 335.82, 144.87, 589.71
2019-06-14 15:00, 1310.88, 151.43, 294.25, 478.96, 146.03, 245.52, 331.11, 335.82, 145.25, 589.71
2019-06-14 16:00, 1310.88, 151.43, 294.25, 478.96, 144.96, 245.52, 328.25, 335.82, 144.19, 591.31
2019-06-14 17:00, 1310.88, 151.43, 294.25, 478.96, 145.77, 242.49, 328.09, 335.82, 144.57, 590.04
2019-06-14 18:00, 1310.88, 151.43, 294.25, 478.96, 144.89, 246.79, 327.56, 335.82, 144.62, 590.04
2019-06-14 19:00, 1310.88, 151.43, 294.25, 478.96, 144.48, 249.09, 326, 335.82, 144.6, 589.24
2019-06-14 20:00, 1310.88, 151.43, 294.25, 478.96, 144.79, 251.13, 324.47, 335.82, 144.73, 588.1
2019-06-14 21:00, 1310.88, 151.18, 294.25, 478.96, 144.68, 250.77, 324.2, 335.82, 144.75, 587.83
2019-06-14 22:00, 1310.88, 151.27, 294.25, 478.96, 145.83, 250.51, 324.65, 336.41, 145.67, 587.83
2019-06-14 23:00, 1310.88, 151.27, 294.43, 478.96, 146.15, 250.51, 325.58, 334.39, 145.85, 587.83
2019-06-15 00:00, 1310.88, 151.27, 294.67, 478.96, 146.07, 250.51, 325.72, 335.45, 145.76, 587.83
